  56
  1.100     1.91  0.01   0.000  0.01
  1.110     3.54  0.01   0.000  0.01
  1.120     5.64  0.01   0.000  0.01
  1.130     8.28  0.01   0.000  0.01
  1.140    11.58  0.01   0.000  0.01
  1.150    15.65  0.01   0.000  0.01
  1.160    20.68  0.01   0.000  0.01
  1.170    26.88  0.01   0.000  0.01
  1.180    34.45  0.01   0.000  0.01
  1.190    43.52  0.01   0.000  0.01
  1.200    53.98  0.01   0.000  0.01
  1.210    65.38  0.01   0.000  0.01
  1.220    76.95  0.01   0.000  0.01
  1.230    87.85  0.01   0.002  0.01
  1.240    97.53  0.01   0.003  0.01
  1.250   105.79  0.01   0.004  0.01
  1.260   112.70  0.01   0.005  0.01
  1.270   118.47  0.01   0.005  0.01
  1.280   123.32  0.01   0.005  0.01
  1.290   127.42  0.01   0.005  0.01
  1.300   130.95  0.01   0.005  0.01
  1.310   134.02  0.01   0.004  0.01
  1.320   136.72  0.01   0.004  0.01
  1.330   139.14  0.01   0.003  0.01
  1.340   141.33  0.01   0.002  0.01
  1.350   143.33  0.01   0.002  0.01
  1.360   145.18  0.01   0.001  0.01
  1.370   146.91  0.01   0.000  0.01
  1.380   148.54  0.01   0.000  0.01
  1.390   150.08  0.01   0.000  0.01
  1.400   151.56  0.01   0.001  0.01
  1.410   152.98  0.01   0.003  0.01
  1.420   154.34  0.01   0.007  0.01
  1.430   155.67  0.01   0.011  0.01
  1.440   156.95  0.01   0.018  0.01
  1.450   158.19  0.01   0.026  0.01
  1.460   159.39  0.01   0.036  0.01
  1.470   160.55  0.01   0.047  0.01
  1.480   161.68  0.01   0.061  0.01
  1.490   162.76  0.01   0.075  0.01
  1.500   163.80  0.01   0.092  0.01
  1.510   164.80  0.01   0.109  0.01
  1.520   165.76  0.01   0.128  0.01
  1.530   166.67  0.01   0.147  0.01
  1.540   167.54  0.01   0.166  0.01
  1.550   168.36  0.01   0.186  0.01
  1.560   169.14  0.01   0.206  0.01
  1.570   169.88  0.01   0.226  0.01
  1.580   170.58  0.01   0.246  0.01
  1.590   171.25  0.01   0.265  0.01
  1.600   171.87  0.01   0.284  0.01
  1.610   172.47  0.01   0.302  0.01
  1.620   173.03  0.01   0.319  0.01
  1.630   173.56  0.01   0.336  0.01
  1.640   174.07  0.01   0.352  0.01
  1.650   174.55  0.01   0.367  0.01
