  33   WCM     Del   Err    Sr    Err      Trl            Tim
  1.10364     2.37  0.01   0.000  0.010    0.041   0.000  0.002   0.002
  1.11800     5.10  0.03   0.000  0.010    0.088   0.001  0.008   0.002
  1.13383     9.39  0.03   0.000  0.010    0.161   0.001  0.027   0.002
  1.15352    17.16  0.05   0.000  0.010    0.282   0.002  0.087   0.002
  1.17128    28.06  0.08   0.000  0.010    0.415   0.002  0.221   0.002
  1.18085    35.61  0.11   0.000  0.010    0.473   0.002  0.339   0.002
  1.19507    49.16  0.08   0.000  0.010    0.495   0.002  0.572   0.001
  1.21686    73.81  0.15   0.000  0.010    0.268   0.003  0.922   0.003
  1.23446    93.20  0.42   0.002  0.010   -0.056   0.007  0.996   0.003
  1.25257   108.04  0.14   0.004  0.010   -0.294   0.002  0.903   0.002
  1.26820   117.37  0.17   0.005  0.010   -0.407   0.003  0.788   0.003
  1.28875   127.04  0.09   0.005  0.010   -0.480   0.002  0.637   0.002
  1.30754   133.00  0.09   0.005  0.010   -0.498   0.003  0.535   0.002
  1.31969   136.67  0.10   0.004  0.010   -0.498   0.003  0.471   0.002
  1.33734   141.01  0.17   0.003  0.010   -0.488   0.003  0.396   0.003
  1.34991   143.40  0.13   0.002  0.010   -0.478   0.002  0.356   0.002
  1.37607   147.81  0.08   0.000  0.010   -0.451   0.002  0.284   0.002
  1.39973   151.42  0.11   0.001  0.010   -0.420   0.002  0.229   0.002
  1.42629   154.61  0.10   0.010  0.010   -0.385   0.002  0.185   0.002
  1.44913   157.50  0.15   0.029  0.011   -0.348   0.003  0.152   0.003
  1.46202   160.42  0.61   0.001  0.027   -0.316   0.009  0.112   0.009
  1.47162   161.49  0.15   0.003  0.014   -0.301   0.003  0.101   0.003
  1.48747   162.73  0.13   0.085  0.016   -0.271   0.003  0.106   0.004
  1.50004   163.64  0.29   0.055  0.015   -0.263   0.005  0.091   0.004
  1.51249   166.05  0.26   0.098  0.015   -0.222   0.004  0.080   0.004
  1.52792   166.54  0.87   0.127  0.059   -0.212   0.014  0.083   0.015
  1.54927   166.80  0.39   0.117  0.026   -0.209   0.006  0.079   0.007
  1.58519   169.51  0.39   0.229  0.022   -0.157   0.006  0.090   0.006
  1.59992   171.74  0.53   0.214  0.029   -0.126   0.008  0.075   0.008
  1.61160   170.71  0.76   0.263  0.037   -0.137   0.011  0.093   0.011
  1.62147   171.19  0.81   0.280  0.047   -0.128   0.012  0.096   0.014
  1.63185   172.11  0.37   0.307  0.022   -0.113   0.005  0.099   0.007
  1.64331   173.55  0.56   0.353  0.032   -0.090   0.008  0.108   0.010
  1.67442   173.75  0.72   0.271  0.039   -0.092   0.011  0.083   0.011
  1.68280   175.08  0.80   0.346  0.036   -0.069   0.011  0.102   0.011
  1.68837   176.09  0.84   0.390  0.035   -0.053   0.011  0.113   0.011
  1.70496   175.31  1.14   0.402  0.049   -0.063   0.015  0.119   0.016
  1.72139   175.35  0.95   0.419  0.040   -0.062   0.013  0.124   0.013
  1.74306   178.46  0.86   0.533  0.039   -0.018   0.010  0.159   0.014
  1.75913   177.66  0.83   0.435  0.037   -0.031   0.011  0.125   0.012
  1.76711   178.46  1.44   0.498  0.054   -0.019   0.018  0.146   0.019
  1.78297   178.61  1.11   0.508  0.041   -0.017   0.014  0.150   0.015
  1.79608   180.05  0.92   0.523  0.037    0.001   0.011  0.155   0.013
  1.82201   179.71  0.73   0.628  0.028   -0.003   0.008  0.195   0.011
  1.83739   181.23  0.83   0.606  0.030    0.013   0.009  0.186   0.012
  1.85265   182.63  1.53   0.611  0.038    0.029   0.017  0.189   0.015
  1.87029   181.36  1.52   0.629  0.032    0.014   0.016  0.196   0.013
  1.90754   182.42  0.62   0.671  0.022    0.024   0.006  0.214   0.010
  1.93198   181.57  0.86   0.701  0.022    0.015   0.008  0.227   0.010
  1.94650   183.24  1.43   0.680  0.026    0.032   0.014  0.219   0.012
  1.97521   187.48  0.98   0.697  0.024    0.071   0.009  0.234   0.011
  1.98468   180.11  0.89   0.690  0.020    0.001   0.009  0.222   0.009
