62   WCM      Del   Err    Sr     Err     Trl          Tim
  1.08000     1.61  0.00   0.000  0.000   0.02813559   0.00079224
  1.09500     4.46  0.00   0.000  0.000   0.07752900   0.00604732
  1.11000     5.97  0.00   0.000  0.000   0.10338480   0.01080517
  1.12500     7.04  0.00   0.000  0.000   0.12157251   0.01500503
  1.14000     7.85  0.00   0.000  0.000   0.13529789   0.01865347
  1.15500     8.49  0.00   0.000  0.000   0.14600159   0.02179133
  1.17000     9.01  0.00   0.000  0.000   0.15461850   0.02450750
  1.18500     9.45  0.00   0.000  0.000   0.16192956   0.02694734
  1.20000     9.84  0.00   0.000  0.000   0.16838360   0.02920603
  1.21500    10.19  0.00   0.000  0.000   0.17418987   0.03132325
  1.23000    10.52  0.00   0.001  0.000   0.17944905   0.03354239
  1.24500    10.83  0.00   0.002  0.000   0.18439776   0.03577448
  1.26000    11.14  0.00   0.003  0.000   0.18923590   0.03804673
  1.27500    11.45  0.00   0.005  0.000   0.19413668   0.04045465
  1.29000    11.78  0.00   0.006  0.000   0.19927350   0.04310141
  1.30500    12.14  0.00   0.008  0.000   0.20482451   0.04610443
  1.32000    12.55  0.00   0.011  0.000   0.21097787   0.04960338
  1.33500    13.02  0.00   0.014  0.000   0.21793745   0.05377075
  1.35000    13.56  0.00   0.017  0.000   0.22592846   0.05882550
  1.36500    14.20  0.00   0.022  0.000   0.23520531   0.06505281
  1.38000    14.97  0.00   0.028  0.000   0.24606223   0.07283384
  1.39500    15.91  0.00   0.035  0.000   0.25885066   0.08269579
  1.41000    17.05  0.00   0.045  0.000   0.27400404   0.09540191
  1.42500    18.49  0.00   0.057  0.000   0.29207903   0.11212430
  1.44000    20.34  0.00   0.073  0.000   0.31382450   0.13481443
  1.45500    22.82  0.00   0.094  0.000   0.34031412   0.16715251
  1.47000    26.45  0.00   0.124  0.000   0.37316781   0.21780285
  1.48500    33.56  0.00   0.194  0.000   0.41362739   0.32547972
  1.50000    38.99  0.00   0.619  0.000   0.30182129   0.43570215
  1.51500    38.47  0.00   0.833  0.000   0.19901387   0.45385826
  1.53000    29.67  0.00   0.914  0.000   0.12626429   0.42514500
  1.54500    19.36  0.00   0.910  0.000   0.09361131   0.38321799
  1.56000    15.33  0.00   0.874  0.000   0.09040590   0.34753889
  1.57500    15.58  0.00   0.830  0.000   0.10671964   0.32350755
  1.59000    18.29  0.00   0.783  0.000   0.13880759   0.31290406
  1.60500    23.15  0.00   0.732  0.000   0.18701193   0.32128042
  1.62000    30.64  0.00   0.679  0.000   0.24834266   0.36397818
  1.63500    41.38  0.00   0.642  0.000   0.29677555   0.46226165
  1.65000    54.86  0.00   0.657  0.000   0.27574590   0.59883314
  1.66500    68.84  0.00   0.719  0.000   0.17847604   0.69598532
  1.68000    81.20  0.00   0.778  0.000   0.07126813   0.72462386
  1.69500    91.28  0.00   0.812  0.000  -0.00969361   0.71676117
  1.71000    99.22  0.00   0.826  0.000  -0.06604058   0.69805193
  1.72500   105.38  0.00   0.828  0.000  -0.10592265   0.67792243
  1.74000   110.15  0.00   0.826  0.000  -0.13482130   0.65898269
  1.75500   113.84  0.00   0.822  0.000  -0.15586717   0.64195907
  1.77000   116.69  0.00   0.818  0.000  -0.17101842   0.62710196
  1.78500   118.89  0.00   0.816  0.000  -0.18166348   0.61446190
  1.80000   120.58  0.00   0.814  0.000  -0.18884571   0.60394943
  1.81500   121.87  0.00   0.814  0.000  -0.19335662   0.59538215
  1.83000   122.83  0.00   0.815  0.000  -0.19579291   0.58852988
  1.84500   123.54  0.00   0.818  0.000  -0.19660115   0.58314568
  1.86000   124.03  0.00   0.821  0.000  -0.19611618   0.57898796
  1.87500   124.35  0.00   0.826  0.000  -0.19459063   0.57583052
  1.89000   124.54  0.00   0.831  0.000  -0.19221836   0.57346731
  1.90500   124.62  0.00   0.836  0.000  -0.18915094   0.57171285
  1.92000   124.61  0.00   0.843  0.000  -0.18551049   0.57040268
  1.93500   124.53  0.00   0.849  0.000  -0.18139790   0.56939059
  1.95000   124.41  0.00   0.856  0.000  -0.17690036   0.56854665
  1.96500   124.25  0.00   0.863  0.000  -0.17209633   0.56775749
  1.98000   124.08  0.00   0.870  0.000  -0.16705750   0.56692177
  1.99500   123.92  0.00   0.878  0.000  -0.16185285   0.56595159
