53   Wcm      Del   Err    Sr     Err      ReT                ImT
  1.09511     4.38  0.03   0.000  0.010    0.076   0.001      0.006   0.002
  1.10364     5.26  0.01   0.000  0.010    0.091   0.001      0.008   0.002
  1.11800     6.41  0.04   0.000  0.010    0.111   0.001      0.012   0.002
  1.13383     7.61  0.04   0.000  0.010    0.131   0.001      0.018   0.002
  1.15352     8.11  0.11   0.000  0.010    0.140   0.002      0.020   0.002
  1.17128     8.43  0.20   0.000  0.010    0.145   0.004      0.021   0.003
  1.18085     7.72  0.60   0.000  0.010    0.133   0.010      0.018   0.004
  1.19507     9.65  0.12   0.000  0.010    0.165   0.002      0.028   0.002
  1.21686    10.61  0.18   0.000  0.010    0.181   0.003      0.034   0.003
  1.23446    11.19  0.50   0.001  0.010    0.190   0.008      0.038   0.004
  1.25257    10.80  0.30   0.003  0.010    0.184   0.005      0.036   0.003
  1.26820    11.57  0.24   0.004  0.010    0.196   0.004      0.041   0.003
  1.28875    11.13  0.29   0.006  0.010    0.189   0.005      0.039   0.003
  1.30754    11.31  0.22   0.008  0.010    0.191   0.004      0.040   0.003
  1.31969    11.44  0.53   0.010  0.010    0.193   0.008      0.042   0.004
  1.33734    13.18  1.08   0.014  0.010    0.220   0.017      0.055   0.009
  1.34991    12.50  0.51   0.017  0.010    0.210   0.008      0.051   0.004
  1.37607    14.99  0.59   0.026  0.010    0.247   0.009      0.073   0.005
  1.39973    17.18  0.47   0.038  0.010    0.277   0.007      0.095   0.005
  1.42629    19.18  0.44   0.033  0.030    0.305   0.008      0.115   0.008
  1.44913    21.76  0.55   0.079  0.032    0.330   0.009      0.152   0.009
  1.46202    24.68  1.35   0.083  0.064    0.363   0.019      0.188   0.020
  1.47162    26.75  0.99   0.112  0.034    0.379   0.012      0.220   0.014
  1.48747    34.28  0.84   0.282  0.026    0.394   0.008      0.345   0.012
  1.50004    38.17  1.62   0.602  0.022    0.307   0.009      0.426   0.017
  1.51249    44.77  2.06   0.735  0.022    0.257   0.011      0.498   0.019
  1.52792    32.44  4.44   0.925  0.025    0.124   0.023      0.442   0.022
  1.54927    13.23  3.20   0.926  0.021    0.061   0.016      0.378   0.019
  1.58519    18.82  1.37   0.775  0.022    0.145   0.011      0.312   0.012
  1.59992    24.32  1.26   0.686  0.027    0.210   0.012      0.315   0.012
  1.61160    22.20  1.83   0.801  0.029    0.156   0.015      0.341   0.015
  1.62147    31.66  2.93   0.680  0.066    0.253   0.029      0.373   0.029
  1.63185    40.81  1.06   0.692  0.022    0.275   0.010      0.460   0.010
  1.64331    53.36  2.85   0.670  0.059    0.275   0.026      0.583   0.028
  1.67442    78.20  1.62   0.700  0.024    0.110   0.015      0.751   0.012
  1.68280    82.74  2.76   0.687  0.043    0.070   0.027      0.771   0.020
  1.68837    82.11  2.60   0.756  0.026    0.067   0.022      0.738   0.014
  1.70496   101.70  2.74   0.727  0.038   -0.104   0.024      0.740   0.019
  1.72139   108.62  3.03   0.792  0.035   -0.138   0.022      0.682   0.021
  1.74306   107.89  3.61   0.827  0.030   -0.122   0.024      0.669   0.021
  1.75913   116.62  3.05   0.785  0.045   -0.186   0.024      0.639   0.025
  1.76711   114.44  3.40   0.841  0.036   -0.150   0.023      0.631   0.023
  1.78297   114.11  3.71   0.803  0.051   -0.166   0.029      0.648   0.029
  1.79608   114.20  3.70   0.821  0.045   -0.158   0.027      0.640   0.027
  1.82201   118.59  2.73   0.775  0.041   -0.199   0.022      0.629   0.022
  1.83739   125.34  3.22   0.861  0.036   -0.176   0.024      0.562   0.021
  1.85265   125.29  3.01   0.823  0.042   -0.198   0.025      0.570   0.022
  1.87029   122.76  3.00   0.761  0.052   -0.222   0.026      0.601   0.026
  1.90754   117.91  3.07   0.861  0.027   -0.154   0.019      0.605   0.019
  1.93198   125.00  2.49   0.811  0.032   -0.204   0.018      0.574   0.019
  1.94650   122.03  3.71   0.830  0.041   -0.185   0.025      0.590   0.026
  1.97521   134.76  1.72   0.833  0.025   -0.204   0.015      0.502   0.012
  1.98468   126.96  2.58   0.868  0.028   -0.175   0.019      0.550   0.017
