57
  1.08000     0.05  0.00   0.000  0.000   0.00092442 0.00000085     0.02  -0.00
  1.10000     1.91  0.00  -0.000  0.000   0.03338446 0.00111577     1.91   0.00
  1.12000     5.64  0.00   0.000  0.000   0.09775172 0.00964849     8.29   0.00
  1.14000    11.58  0.00  -0.000  0.000   0.19657715 0.04026374    22.45   0.00
  1.16000    20.68  0.00   0.000  0.000   0.33045706 0.12476923    50.50   0.00
  1.18000    34.45  0.00  -0.000  0.000   0.46650320 0.32007009   100.23  -0.00
  1.20000    53.98  0.00  -0.000  0.000   0.47564295 0.65415514   165.19   0.00
  1.22000    76.95  0.00   0.000  0.000   0.21992537 0.94896322   198.98   0.01
  1.24000    97.53  0.00   0.003  0.000  -0.12971196 0.98212224   174.79   0.13
  1.26000   112.70  0.00   0.005  0.000  -0.35521808 0.85021979   130.63   0.18
  1.28000   123.32  0.00   0.005  0.000  -0.45779824 0.69778979    93.83   0.17
  1.30000   130.95  0.00   0.005  0.000  -0.49380720 0.57031524    67.88   0.14
  1.32000   136.72  0.00   0.004  0.000  -0.49813795 0.46998504    49.98   0.10
  1.34000   141.33  0.00   0.002  0.000  -0.48726016 0.39052513    37.40   0.06
  1.36000   145.18  0.00   0.001  0.000  -0.46854806 0.32605359    28.32   0.02
  1.38000   148.54  0.00   0.000  0.000  -0.44519642 0.27240378    21.59   0.00
  1.40000   151.56  0.00   0.001  0.000  -0.41848794 0.22700037    16.50   0.02
  1.42000   154.34  0.00   0.007  0.000  -0.38896826 0.18851458    12.63   0.11
  1.44000   156.95  0.00   0.018  0.000  -0.35709816 0.15644416     9.70   0.28
  1.46000   159.39  0.00   0.036  0.000  -0.32355171 0.13068634     7.53   0.51
  1.48000   161.68  0.00   0.061  0.000  -0.28926438 0.11117645     5.97   0.81
  1.50000   163.80  0.00   0.092  0.000  -0.25531784 0.09764732     4.90   1.15
  1.52000   165.76  0.00   0.128  0.000  -0.22275408 0.08953726     4.21   1.50
  1.54000   167.54  0.00   0.166  0.000  -0.19240661 0.08603041     3.81   1.84
  1.56000   169.14  0.00   0.206  0.000  -0.16480553 0.08617546     3.59   2.15
  1.58000   170.58  0.00   0.246  0.000  -0.14016758 0.08901957     3.51   2.42
  1.60000   171.87  0.00   0.284  0.000  -0.11844864 0.09371281     3.49   2.64
  1.62000   173.03  0.00   0.319  0.000  -0.09942184 0.09956620     3.52   2.82
  1.64000   174.07  0.00   0.352  0.000  -0.08275689 0.10606993     3.56   2.95
  1.66000   175.01  0.00   0.382  0.000  -0.06808485 0.11288445     3.61   3.05
  1.68000   175.88  0.00   0.410  0.000  -0.05504676 0.11981867     3.65   3.12
  1.70000   176.69  0.00   0.435  0.000  -0.04333053 0.12680142     3.69   3.16
  1.72000   177.45  0.00   0.459  0.000  -0.03269635 0.13384612     3.72   3.19
  1.74000   178.17  0.00   0.482  0.000  -0.02298772 0.14100952     3.75   3.21
  1.76000   178.85  0.00   0.505  0.000  -0.01412341 0.14835478     3.78   3.21
  1.78000   179.49  0.00   0.526  0.000  -0.00607769 0.15592918     3.81   3.21
  1.80000   180.10  0.00   0.548  0.000   0.00113719 0.16375351     3.84   3.21
  1.82000   180.65  0.00   0.569  0.000   0.00748567 0.17181754     3.87   3.21
  1.84000   181.16  0.00   0.590  0.000   0.01292218 0.18007740     3.91   3.20
  1.86000   181.60  0.00   0.611  0.000   0.01740447 0.18845655     3.94   3.19
  1.88000   181.97  0.00   0.631  0.000   0.02090479 0.19685028     3.96   3.17
  1.90000   182.27  0.00   0.650  0.000   0.02342028 0.20513362     3.98   3.16
  1.92000   182.49  0.00   0.668  0.000   0.02497823 0.21317239     4.00   3.13
  1.94000   182.62  0.00   0.686  0.000   0.02563768 0.22083470     4.00   3.10
  1.96000   182.68  0.00   0.701  0.000   0.02548609 0.22800131     3.99   3.07
  1.98000   182.65  0.00   0.716  0.000   0.02463361 0.23457445     3.98   3.03
  2.00000   182.55  0.00   0.728  0.000   0.02320423 0.24048211     3.95   2.99
  2.02000   182.40  0.00   0.739  0.000   0.02132772 0.24567991     3.91   2.94
  2.04000   182.19  0.00   0.749  0.000   0.01913143 0.25014982     3.85   2.88
  2.06000   181.95  0.00   0.757  0.000   0.01673459 0.25389662     3.80   2.83
  2.08000   181.68  0.00   0.763  0.000   0.01424427 0.25694323     3.73   2.77
  2.10000   181.40  0.00   0.768  0.000   0.01175270 0.25932610     3.65   2.70
  2.12000   181.12  0.00   0.771  0.000   0.00933683 0.26109034     3.57   2.64
  2.14000   180.85  0.00   0.774  0.000   0.00705901 0.26228637     3.49   2.57
  2.16000   180.60  0.00   0.775  0.000   0.00496775 0.26296645     3.40   2.51
  2.18000   180.38  0.00   0.776  0.000   0.00310011 0.26318204     3.31   2.44
  2.20000   180.18  0.00   0.775  0.000   0.00148258 0.26298326     3.22   2.38
