49   WCM       Del   Err    Sr    Err      Trl        Tim            Sgt    Sgr
  1.08000    -0.01  0.00  -0.000  0.000  -0.00026112 0.00000007     0.00   0.00
  1.09500    -0.28  0.00   0.000  0.000  -0.00488852 0.00002390     0.03  -0.00
  1.11000    -0.59  0.00  -0.000  0.000  -0.01035603 0.00010726     0.06   0.00
  1.12500    -0.85  0.00   0.000  0.000  -0.01483159 0.00022002     0.08   0.00
  1.14000    -1.00  0.00   0.000  0.000  -0.01742706 0.00030379     0.08   0.00
  1.15500    -1.01  0.00   0.000  0.000  -0.01753813 0.00030768     0.07   0.00
  1.17000    -0.84  0.00  -0.000  0.000  -0.01466626 0.00021515     0.04  -0.00
  1.18500    -0.48  0.00   0.000  0.000  -0.00833729 0.00006952     0.01   0.00
  1.20000     0.11  0.00  -0.000  0.000   0.00194588 0.00000379     0.00   0.00
  1.21500     0.96  0.00   0.000  0.000   0.01673404 0.00028011     0.03  -0.00
  1.23000     2.10  0.00   0.001  0.000   0.03662897 0.00163211     0.16   0.03
  1.24500     3.58  0.00   0.004  0.000   0.06226388 0.00491865     0.42   0.09
  1.26000     5.46  0.00   0.010  0.000   0.09423394 0.01146778     0.88   0.19
  1.27500     7.79  0.00   0.020  0.000   0.13290469 0.02331055     1.62   0.35
  1.29000    10.65  0.00   0.039  0.000   0.17803270 0.04331770     2.74   0.62
  1.30500    14.12  0.00   0.070  0.000   0.22806819 0.07522719     4.35   1.01
  1.32000    18.26  0.00   0.120  0.000   0.27909228 0.12315030     6.55   1.60
  1.33500    23.12  0.00   0.196  0.000   0.32376343 0.18989658     9.33   2.41
  1.35000    28.62  0.00   0.300  0.000   0.35175177 0.27374524    12.47   3.42
  1.36500    34.60  0.00   0.427  0.000   0.35384467 0.36556163    15.51   4.53
  1.38000    40.76  0.00   0.559  0.000   0.32843602 0.45100635    17.87   5.54
  1.39500    46.85  0.00   0.678  0.000   0.28334782 0.51830482    19.24   6.29
  1.41000    52.73  0.00   0.772  0.000   0.23024864 0.56368113    19.66   6.73
  1.42500    58.38  0.00   0.840  0.000   0.17837305 0.58996445    19.37   6.90
  1.44000    63.85  0.00   0.888  0.000   0.13254090 0.60241008    18.67   6.88
  1.45500    69.17  0.00   0.920  0.000   0.09421702 0.60588706    17.77   6.74
  1.47000    74.37  0.00   0.941  0.000   0.06310582 0.60396272    16.78   6.54
  1.48500    79.44  0.00   0.955  0.000   0.03824075 0.59897012    15.81   6.30
  1.50000    84.32  0.00   0.965  0.000   0.01853576 0.59234178    14.87   6.05
  1.51500    88.99  0.00   0.971  0.000   0.00300716 0.58492529    13.99   5.81
  1.53000    93.38  0.00   0.976  0.000  -0.00915977 0.57720703    13.17   5.57
  1.54500    97.50  0.00   0.979  0.000  -0.01861520 0.56945801    12.41   5.34
  1.56000   101.35  0.00   0.982  0.000  -0.02586519 0.56182486    11.72   5.12
  1.57500   104.96  0.00   0.984  0.000  -0.03130111 0.55438298    11.07   4.92
  1.59000   108.37  0.00   0.986  0.000  -0.03522157 0.54717064    10.48   4.72
  1.60500   111.64  0.00   0.988  0.000  -0.03785564 0.54020703     9.94   4.54
  1.62000   114.80  0.00   0.989  0.000  -0.03937547 0.53350741     9.43   4.37
  1.63500   117.92  0.00   0.991  0.000  -0.03991267 0.52708858     8.96   4.21
  1.65000   121.04  0.00   0.992  0.000  -0.03956668 0.52097595     8.53   4.06
  1.66500   124.20  0.00   0.993  0.000  -0.03841681 0.51520669     8.13   3.92
  1.68000   127.47  0.00   0.994  0.000  -0.03653243 0.50983191     7.76   3.78
  1.69500   130.89  0.00   0.995  0.000  -0.03398334 0.50491321     7.42   3.66
  1.71000   134.52  0.00   0.996  0.000  -0.03085015 0.50051844     7.11   3.54
  1.72500   138.45  0.00   0.997  0.000  -0.02722757 0.49670836     6.82   3.42
  1.74000   142.79  0.00   0.998  0.000  -0.02322157 0.49352750     6.56   3.31
  1.75500   147.71  0.00   0.998  0.000  -0.01893987 0.49099827     6.32   3.21
  1.77000   153.45  0.00   0.999  0.000  -0.01448410 0.48912254     6.10   3.11
  1.78500   160.31  0.00   0.999  0.000  -0.00994538 0.48788738     5.90   3.02
  1.80000   168.50  0.00   0.999  0.000  -0.00540254 0.48726937     5.71   2.93
