44   WCM       Del   Err    Sr    Err      Trl                 Tim
  1.09511    -0.17  0.06   0.000  0.010   -0.003    0.001      0.000    0.002
  1.10364    -0.53  0.02   0.000  0.010   -0.009    0.000      0.000    0.002
  1.11800    -0.96  0.03   0.000  0.010   -0.017    0.001      0.000    0.002
  1.13383    -0.98  0.04   0.000  0.010   -0.017    0.001      0.000    0.002
  1.15352    -0.71  0.09   0.000  0.010   -0.012    0.002      0.000    0.002
  1.17128    -0.93  0.16   0.000  0.010   -0.016    0.003      0.000    0.003
  1.18085    -0.89  0.23   0.000  0.010   -0.015    0.004      0.000    0.003
  1.19507    -0.34  0.13   0.000  0.010   -0.006    0.002      0.000    0.002
  1.21686     1.00  0.10   0.000  0.010    0.017    0.002      0.000    0.002
  1.23446     2.81  0.19   0.002  0.010    0.049    0.003      0.003    0.003
  1.25257     3.97  0.13   0.007  0.010    0.069    0.002      0.007    0.003
  1.26820     6.69  0.15   0.015  0.010    0.115    0.003      0.017    0.003
  1.28875     9.74  0.23   0.054  0.013    0.162    0.004      0.042    0.003
  1.30754    13.52  0.17   0.060  0.012    0.220    0.003      0.068    0.003
  1.31969    17.74  0.51   0.135  0.020    0.270    0.007      0.121    0.006
  1.33734    23.75  0.96   0.263  0.039    0.316    0.013      0.210    0.013
  1.34991    26.79  0.44   0.296  0.019    0.338    0.006      0.251    0.006
  1.37607    37.68  0.50   0.526  0.015    0.333    0.005      0.413    0.006
  1.39973    48.29  0.60   0.722  0.013    0.262    0.006      0.530    0.006
  1.42629    57.22  0.89   0.829  0.010    0.188    0.006      0.586    0.006
  1.44913    62.13  1.78   0.884  0.011    0.141    0.009      0.596    0.010
  1.46202    74.43  5.18   0.928  0.020    0.069    0.023      0.615    0.020
  1.47162    77.68  3.83   0.942  0.010    0.050    0.015      0.609    0.012
  1.48747    90.48  2.81   0.943  0.010   -0.002    0.012      0.619    0.010
  1.50004    78.97  4.23   0.956  0.010    0.039    0.015      0.597    0.012
  1.51249   102.38  5.71   0.955  0.011   -0.044    0.020      0.596    0.015
  1.52792    92.00 11.14   0.978  0.012   -0.005    0.029      0.574    0.020
  1.54927   109.39  6.62   0.953  0.010   -0.068    0.021      0.585    0.018
  1.58519   113.36  7.03   0.989  0.010   -0.038    0.019      0.536    0.019
  1.59992   118.08  6.21   0.983  0.010   -0.054    0.018      0.536    0.016
  1.61160   115.69  8.49   0.980  0.010   -0.055    0.019      0.544    0.020
  1.62147   112.18 17.36   0.989  0.013   -0.037    0.031      0.537    0.031
  1.63185   118.10  4.13   0.970  0.010   -0.072    0.014      0.548    0.013
  1.64331   117.44 10.61   0.981  0.015   -0.056    0.027      0.540    0.026
  1.67442   136.91  5.93   0.968  0.010   -0.089    0.014      0.494    0.018
  1.68280   134.22  4.59   0.929  0.020   -0.133    0.019      0.504    0.021
  1.68837   122.34 10.26   0.990  0.010   -0.045    0.024      0.521    0.019
  1.70496   159.12 10.94   0.989  0.010   -0.035    0.022      0.461    0.022
  1.72139   147.68 10.26   0.986  0.010   -0.053    0.021      0.475    0.021
  1.74306   155.05 10.96   0.986  0.010   -0.045    0.022      0.462    0.022
  1.75913   136.21 17.68   0.992  0.010   -0.045    0.028      0.498    0.028
  1.76711   156.83 20.00   0.999  0.010   -0.011    0.058      0.489    0.055
  1.78297   143.54 20.00   0.995  0.010   -0.034    0.035      0.490    0.026
  1.79608   127.92 13.45   0.987  0.011   -0.055    0.024      0.514    0.027
