17
  1.09511     1.17  0.02   0.000  0.010    0.020   0.000    0.000   0.002
  1.10364     2.37  0.01   0.000  0.010    0.041   0.000    0.002   0.002
  1.11800     5.10  0.03   0.000  0.010    0.088   0.001    0.008   0.002
  1.13383     9.39  0.03   0.000  0.010    0.161   0.001    0.027   0.002
  1.15352    17.16  0.05   0.000  0.010    0.282   0.002    0.087   0.002
  1.17128    28.06  0.08   0.000  0.010    0.415   0.002    0.221   0.002
  1.18085    35.61  0.11   0.000  0.010    0.473   0.002    0.339   0.002
  1.19507    49.16  0.08   0.000  0.010    0.495   0.002    0.572   0.001
  1.21686    73.81  0.15   0.000  0.010    0.268   0.003    0.922   0.003
  1.23446    93.20  0.42   0.002  0.010   -0.056   0.007    0.996   0.003
  1.25257   108.04  0.14   0.004  0.010   -0.294   0.002    0.903   0.002
  1.26820   117.37  0.17   0.005  0.010   -0.407   0.003    0.788   0.003
  1.28875   127.04  0.09   0.005  0.010   -0.480   0.002    0.637   0.002
  1.30754   133.00  0.09   0.005  0.010   -0.498   0.003    0.535   0.002
  1.31969   136.67  0.10   0.004  0.010   -0.498   0.003    0.471   0.002
  1.33734   141.01  0.17   0.003  0.010   -0.488   0.003    0.396   0.003
  1.34991   143.40  0.13   0.002  0.010   -0.478   0.002    0.356   0.002
