49
  1080.00     1.61  0.02   0.000  0.001   0.02813559   0.00079224     7.33  -0.00
  1095.00     4.46  0.02   0.000  0.001   0.07752900   0.00604732     6.78   0.00
  1110.00     5.97  0.02   0.000  0.001   0.10338480   0.01080517     6.23   0.00
  1125.00     7.04  0.02   0.000  0.001   0.12157251   0.01500503     5.70   0.00
  1140.00     7.85  0.02   0.000  0.001   0.13529789   0.01865347     5.20   0.00
  1155.00     8.49  0.02   0.000  0.001   0.14600159   0.02179133     4.74   0.00
  1170.00     9.01  0.02   0.000  0.001   0.15461850   0.02450750     4.34   0.00
  1185.00     9.45  0.02   0.000  0.001   0.16192956   0.02694734     3.99  -0.00
  1200.00     9.84  0.02   0.000  0.001   0.16838360   0.02920603     3.69   0.00
  1215.00    10.19  0.02   0.000  0.001   0.17418987   0.03132325     3.43   0.00
  1230.00    10.52  0.02   0.001  0.001   0.17944905   0.03354239     3.23   0.02
  1245.00    10.83  0.02   0.002  0.001   0.18439776   0.03577448     3.06   0.04
  1260.00    11.14  0.02   0.003  0.001   0.18923590   0.03804673     2.92   0.06
  1275.00    11.45  0.02   0.005  0.001   0.19413668   0.04045465     2.81   0.08
  1290.00    11.78  0.02   0.006  0.001   0.19927350   0.04310141     2.72   0.10
  1305.00    12.14  0.02   0.008  0.001   0.20482451   0.04610443     2.67   0.12
  1320.00    12.55  0.02   0.011  0.001   0.21097787   0.04960338     2.64   0.14
  1335.00    13.02  0.02   0.014  0.001   0.21793745   0.05377075     2.64   0.17
  1350.00    13.56  0.02   0.017  0.001   0.22592846   0.05882550     2.68   0.20
  1365.00    14.20  0.02   0.022  0.001   0.23520531   0.06505281     2.76   0.23
  1380.00    14.97  0.02   0.028  0.001   0.24606223   0.07283384     2.89   0.28
  1395.00    15.91  0.02   0.035  0.001   0.25885066   0.08269579     3.07   0.33
  1410.00    17.05  0.02   0.045  0.001   0.27400404   0.09540191     3.33   0.39
  1425.00    18.49  0.02   0.057  0.001   0.29207903   0.11212430     3.68   0.47
  1440.00    20.34  0.02   0.073  0.001   0.31382450   0.13481443     4.18   0.56
  1455.00    22.82  0.02   0.094  0.001   0.34031412   0.16715251     4.90   0.69
  1470.00    26.45  0.02   0.124  0.001   0.37316781   0.21780285     6.05   0.86
  1485.00    33.56  0.02   0.194  0.001   0.41362739   0.32547972     8.59   1.28
  1500.00    38.99  0.02   0.619  0.001   0.30182129   0.43570215    10.94   3.88
  1515.00    38.47  0.02   0.833  0.001   0.19901387   0.45385826    10.85   4.98
  1530.00    29.67  0.02   0.914  0.001   0.12626429   0.42514500     9.70   5.21
  1545.00    19.36  0.02   0.910  0.001   0.09361131   0.38321799     8.35   4.96
  1560.00    15.33  0.02   0.874  0.001   0.09040590   0.34753889     7.25   4.56
  1575.00    15.58  0.02   0.830  0.001   0.10671964   0.32350755     6.46   4.14
  1590.00    18.29  0.02   0.783  0.001   0.13880759   0.31290406     5.99   3.75
  1605.00    23.15  0.02   0.732  0.001   0.18701193   0.32128042     5.91   3.37
  1620.00    30.64  0.02   0.679  0.001   0.24834266   0.36397818     6.43   3.00
  1635.00    41.38  0.02   0.642  0.001   0.29677555   0.46226165     7.86   2.73
  1650.00    54.86  0.02   0.657  0.001   0.27574590   0.59883314     9.81   2.69
  1665.00    68.84  0.02   0.719  0.001   0.17847604   0.69598532    10.99   2.84
  1680.00    81.20  0.02   0.778  0.001   0.07126813   0.72462386    11.03   2.96
  1695.00    91.28  0.02   0.812  0.001  -0.00969361   0.71676117    10.54   2.98
  1710.00    99.22  0.02   0.826  0.001  -0.06604058   0.69805193     9.91   2.93
  1725.00   105.38  0.02   0.828  0.001  -0.10592265   0.67792243     9.31   2.84
  1740.00   110.15  0.02   0.826  0.001  -0.13482130   0.65898269     8.76   2.74
  1755.00   113.84  0.02   0.822  0.001  -0.15586717   0.64195907     8.26   2.64
  1770.00   116.69  0.02   0.818  0.001  -0.17101842   0.62710196     7.82   2.55
  1785.00   118.89  0.02   0.816  0.001  -0.18166348   0.61446190     7.43   2.46
  1800.00   120.58  0.02   0.814  0.001  -0.18884571   0.60394943     7.08   2.39
