44   WCM      Del   Err    Sr     Err     Trl          Tim
  1.08000     1.61  2.00   0.000  0.025   0.02813559   0.00079224
  1.09500     4.46  2.00   0.000  0.025   0.07752900   0.00604732
  1.11000     5.97  2.00   0.000  0.025   0.10338480   0.01080517
  1.12500     7.04  2.00   0.000  0.025   0.12157251   0.01500503
  1.14000     7.85  2.00   0.000  0.025   0.13529789   0.01865347
  1.15500     8.49  2.00   0.000  0.025   0.14600159   0.02179133
  1.17000     9.01  2.00   0.000  0.025   0.15461850   0.02450750
  1.18500     9.45  2.00   0.000  0.025   0.16192956   0.02694734
  1.20000     9.84  2.00   0.000  0.025   0.16838360   0.02920603
  1.21500    10.19  2.00   0.000  0.025   0.17418987   0.03132325
  1.23000    10.52  2.00   0.001  0.025   0.17944905   0.03354239
  1.24500    10.83  2.00   0.002  0.025   0.18439776   0.03577448
  1.26000    11.14  2.00   0.003  0.025   0.18923590   0.03804673
  1.27500    11.45  2.00   0.005  0.025   0.19413668   0.04045465
  1.29000    11.78  2.00   0.006  0.025   0.19927350   0.04310141
  1.30500    12.14  2.00   0.008  0.025   0.20482451   0.04610443
  1.32000    12.55  2.00   0.011  0.025   0.21097787   0.04960338
  1.33500    13.02  2.00   0.014  0.025   0.21793745   0.05377075
  1.35000    13.56  2.00   0.017  0.025   0.22592846   0.05882550
  1.36500    14.20  2.00   0.022  0.025   0.23520531   0.06505281
  1.38000    14.97  2.00   0.028  0.025   0.24606223   0.07283384
  1.39500    15.91  2.00   0.035  0.025   0.25885066   0.08269579
  1.42629    19.18  2.00   0.033  0.025    0.305   0.115
  1.44913    21.76  2.00   0.079  0.025    0.330   0.152
  1.46202    24.68  2.00   0.083  0.025    0.363   0.188
  1.47162    26.75  2.00   0.112  0.025    0.379   0.220
  1.48747    32.28  2.00   0.282  0.025    0.394   0.345
  1.50004    38.17  2.00   0.602  0.025    0.307   0.426
  1.52049    44.77  2.00   0.735  0.025    0.257   0.498
  1.52792    32.44  2.00   0.925  0.025    0.124   0.442
  1.53000    29.67  2.00   0.914  0.025   0.12626429   0.42514500
  1.54500    19.36  2.00   0.910  0.025   0.09361131   0.38321799
  1.56000    15.33  2.00   0.874  0.025   0.09040590   0.34753889
  1.57500    15.58  2.00   0.830  0.025   0.10671964   0.32350755
  1.59000    18.29  2.00   0.783  0.025   0.13880759   0.31290406
  1.60500    23.15  2.00   0.732  0.025   0.18701193   0.32128042
  1.62000    30.64  2.00   0.679  0.025   0.24834266   0.36397818
  1.63500    41.38  2.00   0.642  0.025   0.29677555   0.46226165
  1.65000    54.86  2.00   0.657  0.025   0.27574590   0.59883314
  1.66500    68.84  2.00   0.719  0.025   0.17847604   0.69598532
  1.68000    81.20  2.00   0.778  0.025   0.07126813   0.72462386
  1.69500    91.28  2.00   0.812  0.025  -0.00969361   0.71676117
  1.71000    99.22  2.00   0.826  0.025  -0.06604058   0.69805193
  1.72500   105.38  2.00   0.828  0.025  -0.10592265   0.67792243
